	Iozone: Performance Test of File I/O
	        Version $Revision: 3.489 $
		Compiled for 64 bit mode.
		Build: linux-AMD64 

	Contributors:William Norcott, Don Capps, Isom Crawford, Kirby Collins
	             Al Slater, Scott Rhine, Mike Wisner, Ken Goss
	             Steve Landherr, Brad Smith, Mark Kelly, Dr. Alain CYR,
	             Randy Dunlap, Mark Montague, Dan Million, Gavin Brebner,
	             Jean-Marc Zucconi, Jeff Blomberg, Benny Halevy, Dave Boone,
	             Erik Habbinga, Kris Strecker, Walter Wong, Joshua Root,
	             Fabrice Bacchella, Zhenghua Xue, Qin Li, Darren Sawyer,
	             Vangel Bojaxhi, Ben England, Vikentsi Lapa,
	             Alexey Skidanov, Sudhir Kumar.

	Run began: Fri Dec 26 13:31:46 2025

	Auto Mode 2. This option is obsolete. Use -az -i0 -i1 
	Command line used: iozone -A -b ext3.xls /home/ext3
	Output is in kBytes/sec
	Time Resolution = 0.000001 seconds.
	Processor cache size set to 1024 kBytes.
	Processor cache line size set to 32 bytes.
	File stride size set to 17 * record size.
                                                            
              kB  reclen    write  rewrite    read    reread
              64       4   718114   983980  2561267  2561267
              64       8   969761  2052169  1599680  3791156
              64      16  1460430  1363961  4988978  5860307
              64      32   852702  2379626  8182586  5860307
              64      64  1232453  2067979 12310336 12902017
             128       4  1065630  1526043  2453642  1000121
             128       8  1057236  1030846  2464907  3759450
             128      16  1291158  1561553  5545860  6727225
             128      32   955616  1827299  6114306  8548124
             128      64  1543594  4012317    97350  7176872
             128     128  2035099  3199360 11720614 12842051
             256       4  1293967  1755037  2305128  2413957
             256       8  1430119  2672291  4572895  4350555
             256      16  2000242  2692393  4422226  3879045
             256      32  1911233  3605511  5971678  5217259
             256      64    62836  3275543  3197509  8271916
             256     128  1868008  3326279  9192546  7791708
             256     256  2131261  3705040 16072608 14953435
             512       4  1347393  2057359  1992458   573303
             512       8  1635797  2782414  4228947  4163357
             512      16  1815584  2860238  5453155  4916336
             512      32  2287463  1604029  6931711  7115451
             512      64  2560168  4340054  6156675  4123387
             512     128  2297251  3768799  8701110  7513788
             512     256  2413429  5278892 11080601 11138071
             512     512  2402629  4163357 14628067 16049269
            1024       4  1340582  1825466  2381058  2281152
            1024       8  1678504  2701567  3955557  4079544
            1024      16  2060128  4033569  5652717  5821271
            1024      32  1227903  4146499  7472033  7699755
            1024      64  1556257  2910252  5120336  6974549
            1024     128  2286009  2295784  7590887  6163794
            1024     256  1113030  3631168  6364746  6963241
            1024     512  2688041  3567824 11520658 12071103
            1024    1024  2586074  5303701  8680108  5601115
            2048       4   530707   478819  1322178  2386884
            2048       8   816315  2293214  4128177  4154130
            2048      16  2345819  3089009  5785224  5596757
            2048      32  2394870  2741930  6401772  7529708
            2048      64  2255282  4367454  7262337  8713618
            2048     128  2805512  4509611  7761014  9318595
            2048     256  2853035  3779440  9308497  8357547
            2048     512  2556676  5044577  5970183  9179186
            2048    1024  2575842  4923146 10903620 11015480
            2048    2048  1782215  4338776  9697312 10903620
            4096       4   573832   658843  1228115   612455
            4096       8   807901  2021682  2720138  2076918
            4096      16   882158  3785942  5353976  5299475
            4096      32  1562117  3546038  6234064  6826060
            4096      64   853878  1341149  7225093  7367624
            4096     128  1914873  4325455  2884558  4490523
            4096     256   767033  3919833  7249484  7697744
            4096     512  1059190  4096486  7728911  6575257
            4096    1024   497033  3451293  5353976  8695120
            4096    2048   679051  4200656  1267718  5672159
            4096    4096  2274332  3279974  5120972  4235870
            8192       4   405444   732541  1294112  2318657
            8192       8   649647   904374  1422244  1038660
            8192      16  1959739  2897647  1549774  5354648
            8192      32  2069638  4218089  6365501  3521978
            8192      64  1138576  4914286  8395155  7721626
            8192     128  2919312  5148447  8560389  8560389
            8192     256  1189337  5231540  8734477  6461262
            8192     512  1190697  5288712  9121717  9339916
            8192    1024   797972  5025700  1245378  7620585
            8192    2048  1076743  4836126  1528403  9471217
            8192    4096   960471  4633311  1798110  7340560
            8192    8192   871857  4331893  6404656  6263389
           16384       4   510516   881247   652434   797581
           16384       8   946121   841543  2341554  1907348
           16384      16   726307  1169020  4509801  1593132
           16384      32   764536  1810990  3400640  2328620
           16384      64  1512818  1391313  2181930  3218137
           16384     128   970794  1418276  3023985  6826343
           16384     256  1135337  2116802  2591544  2894694
           16384     512   895253  1598915  2502092  2588713
           16384    1024  1350809  4796231  1914255  2242231
           16384    2048  1092627  2380735  3575637  1356623
           16384    4096  2258591  4217262  6892759  1329870
           16384    8192   765388  2236466  1712728  1580419
           16384   16384  2361509  1371514  5126480  4933268
           32768       4   542309   970965  2360285  2306301
           32768       8   753669  1440421  3570695  3017002
           32768      16  1433286  3551320  1367323  4690460
           32768      32  1093834  1355844  4100598  4156276
           32768      64  1041876  3960913  5752796  4553551
           32768     128  2733373  4506667  5758823  2015121
           32768     256  1131885  4414885  3995573  6047970
           32768     512   987257  4037476  5982940  3178896
           32768    1024  1156856  4381389  7132717  6084114
           32768    2048  1050220  1403457  4118662  6089505
           32768    4096  1255198  1897075  6134077  6280969
           32768    8192   999535  4136885  5238802  4608055
           32768   16384  1464425  4010848  4884320  4947619
           65536       4   708483  1772767   968750  1135451
           65536       8   941311  1942204  3719854  3691132
           65536      16  1184543  3016068  5084606  5040874
           65536      32  1137858  2062954  6035859  5806363
           65536      64  1107571  2522444  6718791  6151209
           65536     128  1276235  2175616  6684643  6282807
           65536     256  1476434  3105831  6987626  7073397
           65536     512  1489693  1724953  2463112  6817441
           65536    1024  1212241  4492731  7314121  5669244
           65536    2048  1188081  2416789  7175881  6424511
           65536    4096  1484800  2092604  6073333  5634613
           65536    8192  1159828  2108415  5437763  4970505
           65536   16384   995127  2723510  4110643  4640401
          131072       4   954450  1864863  1764448  1389694
          131072       8   998180  1931218  2682327  2430904
          131072      16  1348201  3576024  4789781  2932456
          131072      32  1389163  2740191  6447553  4952496
          131072      64  1239487  2834160  6999442  6172467
          131072     128  1256031  3466417  7111534  5057560
          131072     256  1633704  4007351  6598140  3304321
          131072     512  1626160  4801159  6589836  3274523
          131072    1024  1694900  4807541  6692439  5254043
          131072    2048  1261035  3672510  6340253  4734221
          131072    4096  1279573  4006826  1814322  4484771
          131072    8192  1526006  2152639  2564257  2869786
          131072   16384  1155338  3641591  1710744  3433274
          262144       4   830881  1392737  1673531  2498800
          262144       8  1046788  1429443  2568905  3999448
          262144      16   939797  1109660  2364170  5365099
          262144      32   935510  1376994  4776149  5244140
          262144      64   686880  1107692  4181387  3169162
          262144     128   936125  1473507  5248646  4256281
          262144     256  1075705  1521969  4264023  6410667
          262144     512   895159  1113743  5988175  4868956
          262144    1024   980292  1320232  5675490  4205665
          262144    2048  1131165  1102719  5599816  5478006
          262144    4096   886874  1254391  3923677  3012766
          262144    8192  1060560  1200759  4243812  3699931
          262144   16384  1019935  1250693  2862522  5033199
          524288       4   588582   558477  2039666  2503237
          524288       8   578577   559852  3105400  3905716
          524288      16   575215   584867  3389851  4289355
          524288      32   699171   650877  3260740  4777288
          524288      64   625919   619297  4467881  6220491
          524288     128   548929   647032  3448854  6758555
          524288     256   607520   745385  4085529  5976291
          524288     512   679922   585563  3926485  6870062
          524288    1024   648924   650827  3586717  6911911
          524288    2048   529941   664199  3710988  6323051
          524288    4096   518330   627974  3579828  5859486
          524288    8192   584456   617794  2875661  4981174
          524288   16384   599775   748640  3034760  5175282

iozone test complete.
Excel output is below:

"Writer report"
        "4"  "8"  "16"  "32"  "64"  "128"  "256"  "512"  "1024"  "2048"  "4096"  "8192"  "16384"
"64"   718114  969761  1460430  852702  1232453 
"128"   1065630  1057236  1291158  955616  1543594  2035099 
"256"   1293967  1430119  2000242  1911233  62836  1868008  2131261 
"512"   1347393  1635797  1815584  2287463  2560168  2297251  2413429  2402629 
"1024"   1340582  1678504  2060128  1227903  1556257  2286009  1113030  2688041  2586074 
"2048"   530707  816315  2345819  2394870  2255282  2805512  2853035  2556676  2575842  1782215 
"4096"   573832  807901  882158  1562117  853878  1914873  767033  1059190  497033  679051  2274332 
"8192"   405444  649647  1959739  2069638  1138576  2919312  1189337  1190697  797972  1076743  960471  871857 
"16384"   510516  946121  726307  764536  1512818  970794  1135337  895253  1350809  1092627  2258591  765388  2361509 
"32768"   542309  753669  1433286  1093834  1041876  2733373  1131885  987257  1156856  1050220  1255198  999535  1464425 
"65536"   708483  941311  1184543  1137858  1107571  1276235  1476434  1489693  1212241  1188081  1484800  1159828  995127 
"131072"   954450  998180  1348201  1389163  1239487  1256031  1633704  1626160  1694900  1261035  1279573  1526006  1155338 
"262144"   830881  1046788  939797  935510  686880  936125  1075705  895159  980292  1131165  886874  1060560  1019935 
"524288"   588582  578577  575215  699171  625919  548929  607520  679922  648924  529941  518330  584456  599775 

"Re-writer report"
        "4"  "8"  "16"  "32"  "64"  "128"  "256"  "512"  "1024"  "2048"  "4096"  "8192"  "16384"
"64"   983980  2052169  1363961  2379626  2067979 
"128"   1526043  1030846  1561553  1827299  4012317  3199360 
"256"   1755037  2672291  2692393  3605511  3275543  3326279  3705040 
"512"   2057359  2782414  2860238  1604029  4340054  3768799  5278892  4163357 
"1024"   1825466  2701567  4033569  4146499  2910252  2295784  3631168  3567824  5303701 
"2048"   478819  2293214  3089009  2741930  4367454  4509611  3779440  5044577  4923146  4338776 
"4096"   658843  2021682  3785942  3546038  1341149  4325455  3919833  4096486  3451293  4200656  3279974 
"8192"   732541  904374  2897647  4218089  4914286  5148447  5231540  5288712  5025700  4836126  4633311  4331893 
"16384"   881247  841543  1169020  1810990  1391313  1418276  2116802  1598915  4796231  2380735  4217262  2236466  1371514 
"32768"   970965  1440421  3551320  1355844  3960913  4506667  4414885  4037476  4381389  1403457  1897075  4136885  4010848 
"65536"   1772767  1942204  3016068  2062954  2522444  2175616  3105831  1724953  4492731  2416789  2092604  2108415  2723510 
"131072"   1864863  1931218  3576024  2740191  2834160  3466417  4007351  4801159  4807541  3672510  4006826  2152639  3641591 
"262144"   1392737  1429443  1109660  1376994  1107692  1473507  1521969  1113743  1320232  1102719  1254391  1200759  1250693 
"524288"   558477  559852  584867  650877  619297  647032  745385  585563  650827  664199  627974  617794  748640 

"Reader report"
        "4"  "8"  "16"  "32"  "64"  "128"  "256"  "512"  "1024"  "2048"  "4096"  "8192"  "16384"
"64"   2561267  1599680  4988978  8182586  12310336 
"128"   2453642  2464907  5545860  6114306  97350  11720614 
"256"   2305128  4572895  4422226  5971678  3197509  9192546  16072608 
"512"   1992458  4228947  5453155  6931711  6156675  8701110  11080601  14628067 
"1024"   2381058  3955557  5652717  7472033  5120336  7590887  6364746  11520658  8680108 
"2048"   1322178  4128177  5785224  6401772  7262337  7761014  9308497  5970183  10903620  9697312 
"4096"   1228115  2720138  5353976  6234064  7225093  2884558  7249484  7728911  5353976  1267718  5120972 
"8192"   1294112  1422244  1549774  6365501  8395155  8560389  8734477  9121717  1245378  1528403  1798110  6404656 
"16384"   652434  2341554  4509801  3400640  2181930  3023985  2591544  2502092  1914255  3575637  6892759  1712728  5126480 
"32768"   2360285  3570695  1367323  4100598  5752796  5758823  3995573  5982940  7132717  4118662  6134077  5238802  4884320 
"65536"   968750  3719854  5084606  6035859  6718791  6684643  6987626  2463112  7314121  7175881  6073333  5437763  4110643 
"131072"   1764448  2682327  4789781  6447553  6999442  7111534  6598140  6589836  6692439  6340253  1814322  2564257  1710744 
"262144"   1673531  2568905  2364170  4776149  4181387  5248646  4264023  5988175  5675490  5599816  3923677  4243812  2862522 
"524288"   2039666  3105400  3389851  3260740  4467881  3448854  4085529  3926485  3586717  3710988  3579828  2875661  3034760 

"Re-Reader report"
        "4"  "8"  "16"  "32"  "64"  "128"  "256"  "512"  "1024"  "2048"  "4096"  "8192"  "16384"
"64"   2561267  3791156  5860307  5860307  12902017 
"128"   1000121  3759450  6727225  8548124  7176872  12842051 
"256"   2413957  4350555  3879045  5217259  8271916  7791708  14953435 
"512"   573303  4163357  4916336  7115451  4123387  7513788  11138071  16049269 
"1024"   2281152  4079544  5821271  7699755  6974549  6163794  6963241  12071103  5601115 
"2048"   2386884  4154130  5596757  7529708  8713618  9318595  8357547  9179186  11015480  10903620 
"4096"   612455  2076918  5299475  6826060  7367624  4490523  7697744  6575257  8695120  5672159  4235870 
"8192"   2318657  1038660  5354648  3521978  7721626  8560389  6461262  9339916  7620585  9471217  7340560  6263389 
"16384"   797581  1907348  1593132  2328620  3218137  6826343  2894694  2588713  2242231  1356623  1329870  1580419  4933268 
"32768"   2306301  3017002  4690460  4156276  4553551  2015121  6047970  3178896  6084114  6089505  6280969  4608055  4947619 
"65536"   1135451  3691132  5040874  5806363  6151209  6282807  7073397  6817441  5669244  6424511  5634613  4970505  4640401 
"131072"   1389694  2430904  2932456  4952496  6172467  5057560  3304321  3274523  5254043  4734221  4484771  2869786  3433274 
"262144"   2498800  3999448  5365099  5244140  3169162  4256281  6410667  4868956  4205665  5478006  3012766  3699931  5033199 
"524288"   2503237  3905716  4289355  4777288  6220491  6758555  5976291  6870062  6911911  6323051  5859486  4981174  5175282 
