	Iozone: Performance Test of File I/O
	        Version $Revision: 3.489 $
		Compiled for 64 bit mode.
		Build: linux-AMD64 

	Contributors:William Norcott, Don Capps, Isom Crawford, Kirby Collins
	             Al Slater, Scott Rhine, Mike Wisner, Ken Goss
	             Steve Landherr, Brad Smith, Mark Kelly, Dr. Alain CYR,
	             Randy Dunlap, Mark Montague, Dan Million, Gavin Brebner,
	             Jean-Marc Zucconi, Jeff Blomberg, Benny Halevy, Dave Boone,
	             Erik Habbinga, Kris Strecker, Walter Wong, Joshua Root,
	             Fabrice Bacchella, Zhenghua Xue, Qin Li, Darren Sawyer,
	             Vangel Bojaxhi, Ben England, Vikentsi Lapa,
	             Alexey Skidanov, Sudhir Kumar.

	Run began: Fri Dec 26 13:34:58 2025

	Auto Mode 2. This option is obsolete. Use -az -i0 -i1 
	Command line used: iozone -A -b ext4.xls /home/ext4
	Output is in kBytes/sec
	Time Resolution = 0.000001 seconds.
	Processor cache size set to 1024 kBytes.
	Processor cache line size set to 32 bytes.
	File stride size set to 17 * record size.
                                                            
              kB  reclen    write  rewrite    read    reread
              64       4   852702  1310683  2379626  2298136
              64       8  1392258  3057153  4018152  4018152
              64      16  1255511  2133730  7100397  8182586
              64      32  1392258  1638743  1679761  5860307
              64      64  1168097  1828508 15972885 20962191
             128       4  1196221  1243315  2202044  1827299
             128       8  1377278  2905056  5325799  3277486
             128      16  1471662  2985839  6812590  6114306
             128      32  1359835  2843510  4717434  5847904
             128      64  1772988  2202044  8036304  4759253
             128     128  1967960  3106789 15881078 15881078
             256       4  1035624  1707589  2639446  2639446
             256       8  1778290  3052087  5022044  3197509
             256      16  1814348  4350555  4553502  3159869
             256      32  1829808  2880164  8534922  6936061
             256      64  2266207  4572895  9114515 10245071
             256     128  1439707  3368013  6249745  8534922
             256     256  2285501  5428265 15164624 17096249
             512       4  1410215  1207940  2708713  2681653
             512       8  1747618  3012719  3768799  3366987
             512      16  1975959  3533174  6104175  5331314
             512      32  2548017  4195896  4340054  5744919
             512      64  2486072  4784885  9859630 11138071
             512     128  2294796  4271001  9468384  9638369
             512     256  2107844  4532414  8844453  3884698
             512     512  2486072  5566231 13109944 16049269
            1024       4  1321200  2142335  2730767  2715230
            1024       8  1893052  3179559  4488860  3160839
            1024      16   229851  1675884  6059442  6244448
            1024      32  2498809  3074849  3160839  4943530
            1024      64  2056183  3631168  7826025  8262639
            1024     128  2798378  4920874  9064828  9485232
            1024     256  2310605  3835457  9064828  9464330
            1024     512  2869422  5356618 13142265  6599461
            1024    1024  2503178  4898425 14618393 14871477
            2048       4   698266  2049709  2691246  2727131
            2048       8  1923059  3122697  4349761  3307884
            2048      16  2327387  4016229  5607718  6243566
            2048      32   393153  4511980   466849  7789164
            2048      64  2334979  5006356  8940345  3454204
            2048     128  2531808  4686767  8261095  9228493
            2048     256  2817475  5172149  9841749  9752360
            2048     512  2888532  5032754  6738230  6895083
            2048    1024  2744558  3127245 11626784 12033995
            2048    2048  2680329  4676561  7088541 10339282
            4096       4  1472795  2179963  2265336   607259
            4096       8  1937767  3133408  4214051  4100397
            4096      16  2377242  3860813  5190597  6112079
            4096      32   693525  4288742  7639552   515868
            4096      64  2743596  5107271  8734909  7770863
            4096     128  2898672  4395170  9119767  8497289
            4096     256  2967774  5211065  9144037  9614850
            4096     512  2946902  5113352 10065509  7185807
            4096    1024  2919360  5325760  5069594  5520868
            4096    2048  2625764  4952675  9846293  9461292
            4096    4096  2737912  2613780  7149920  8108279
            8192       4  1502537   921276  2486987   431905
            8192       8  1991660  3136499  4023480  4282224
            8192      16  2459219  1326231  6186701  4989212
            8192      32  2569566  4628318  7809376  8150218
            8192      64  2846515  5044145  8723390  8577485
            8192     128  2758310  5075439  8507400  9266865
            8192     256  3046668  5378957  6248582  8192973
            8192     512  2947864  5343822  1692197  9695717
            8192    1024  2866224  5336352  9928248  3607016
            8192    2048  2793973  2276865  7495897  9362822
            8192    4096  2647780  4259926  4782278  7922821
            8192    8192  2342527  4435342  6770651  6675934
           16384       4  1440484  2045965  2565614  2582195
           16384       8  1980856  2661502  3667032  3795229
           16384      16  2381395  3531899  5204520  4252230
           16384      32  2553601  4242517  6309282  6220192
           16384      64  1260796  4458306  6823632  5310703
           16384     128   752003  4633563  5925724  7077327
           16384     256  1181095  4647979  5906370  6595715
           16384     512  2838497  4726949  7390140  7499010
           16384    1024  2805929  4742281  5836640  6184922
           16384    2048  1233260  4482736  5439333  7252863
           16384    4096  2471585  3677629  5651827  5942635
           16384    8192  2566380  4163604  5834658  5808029
           16384   16384   427850  3861554  5088520  4604997
           32768       4   826930  1396527  2463602  2498535
           32768       8   918305  2933044  3726167  3749241
           32768      16  1178107  3599215  4892318  4994364
           32768      32   922236  4111515  5587902  6167660
           32768      64  2653066  2727894  3606393  2877169
           32768     128  1108040  2112988  3630399  5229632
           32768     256  1931521  3489289  6920458  6540412
           32768     512  2673867  2430878  6908630  6937925
           32768    1024  1115387  4307107  3483364  5691806
           32768    2048  2466210  4346472  7086379  6742556
           32768    4096  1654439  4198813  6167383  5184848
           32768    8192  1446911  4112500  4840966  5475916
           32768   16384  1165499  2033006  5013494  4756692
           65536       4   683405  1463503  2200012  1243494
           65536       8  1058583  2793735  3448872  3849409
           65536      16  1107905  2431390  1736504  2396811
           65536      32   857969  1509979  3782768  2324061
           65536      64   924758  1820747  5941660  6174006
           65536     128  1333958  4376632  7087257  6977162
           65536     256  2400328  4498319  6957911  7135088
           65536     512  1349115  4737656  7388435  7289101
           65536    1024  1762955  4228643  7590627  7533624
           65536    2048  1200582  2648256  6242145  2070786
           65536    4096  1377676  2857720  6162241  5801216
           65536    8192  1133232  2099028  5154205  4857718
           65536   16384  1000932  2739006  4410833  3006798
          131072       4   769003  1778305  1357640  2446057
          131072       8  1179182  2579647  3179583  2196468
          131072      16  1112465  3140209  4733202  3284441
          131072      32  1291207  3995120  1829027  3551215
          131072      64  1548124  2060038  5590141  3051235
          131072     128  1251117  2245883  2977498  3861192
          131072     256  1571665  2348622  2316655  3843080
          131072     512  1190295  3933378  7682144  3491980
          131072    1024  1617072  4146540  6287608  4017513
          131072    2048  1344367  2214838  2456703  3731058
          131072    4096  1006070  2216902  3616866  3373277
          131072    8192  1311572  3686548  5420008  2842410
          131072   16384  1439988  2127210  2931142  2712916
          262144       4   844457  1224211  1584621  2384277
          262144       8   848703  1847646  2535213  4001952
          262144      16  1340706  1539135  2907900  3158020
          262144      32  1207953  2077553  4675295  3882061
          262144      64  1423891  2230025  5242689  4853353
          262144     128  1261708  1517608  4598604  5164480
          262144     256  1233607  2071498  5806467  4673466
          262144     512  1330909  1582605  3071366  5543435
          262144    1024  1145348  1265197  6208113  3870704
          262144    2048  1021522  1401921  3821280  4679294
          262144    4096  1079528  1658866  5516955  3584193
          262144    8192  1258709  1277624  2989267  3562996
          262144   16384  1210077  1652447  2967179  4445546
          524288       4   638963   772197  2107539  2538089
          524288       8   661958   913939  2433635  3471624
          524288      16   733638   767157  3918208  5582881
          524288      32  1286586  1381665  4397177  6285674
          524288      64  1191742  1089126  4720343  7359668
          524288     128  1217205  1323134  4644975  6441611
          524288     256   777440   917900  3230960  5068429
          524288     512  1003835  1260913  3814002  6839655
          524288    1024   800202   744479  4370739  6698114
          524288    2048   892493  1176638  4307259  6422497
          524288    4096  1296227  1998460  4414053  6468061
          524288    8192  1204370  1245887  3071167  4242157
          524288   16384  1149916  1014986  3487099  5105295

iozone test complete.
Excel output is below:

"Writer report"
        "4"  "8"  "16"  "32"  "64"  "128"  "256"  "512"  "1024"  "2048"  "4096"  "8192"  "16384"
"64"   852702  1392258  1255511  1392258  1168097 
"128"   1196221  1377278  1471662  1359835  1772988  1967960 
"256"   1035624  1778290  1814348  1829808  2266207  1439707  2285501 
"512"   1410215  1747618  1975959  2548017  2486072  2294796  2107844  2486072 
"1024"   1321200  1893052  229851  2498809  2056183  2798378  2310605  2869422  2503178 
"2048"   698266  1923059  2327387  393153  2334979  2531808  2817475  2888532  2744558  2680329 
"4096"   1472795  1937767  2377242  693525  2743596  2898672  2967774  2946902  2919360  2625764  2737912 
"8192"   1502537  1991660  2459219  2569566  2846515  2758310  3046668  2947864  2866224  2793973  2647780  2342527 
"16384"   1440484  1980856  2381395  2553601  1260796  752003  1181095  2838497  2805929  1233260  2471585  2566380  427850 
"32768"   826930  918305  1178107  922236  2653066  1108040  1931521  2673867  1115387  2466210  1654439  1446911  1165499 
"65536"   683405  1058583  1107905  857969  924758  1333958  2400328  1349115  1762955  1200582  1377676  1133232  1000932 
"131072"   769003  1179182  1112465  1291207  1548124  1251117  1571665  1190295  1617072  1344367  1006070  1311572  1439988 
"262144"   844457  848703  1340706  1207953  1423891  1261708  1233607  1330909  1145348  1021522  1079528  1258709  1210077 
"524288"   638963  661958  733638  1286586  1191742  1217205  777440  1003835  800202  892493  1296227  1204370  1149916 

"Re-writer report"
        "4"  "8"  "16"  "32"  "64"  "128"  "256"  "512"  "1024"  "2048"  "4096"  "8192"  "16384"
"64"   1310683  3057153  2133730  1638743  1828508 
"128"   1243315  2905056  2985839  2843510  2202044  3106789 
"256"   1707589  3052087  4350555  2880164  4572895  3368013  5428265 
"512"   1207940  3012719  3533174  4195896  4784885  4271001  4532414  5566231 
"1024"   2142335  3179559  1675884  3074849  3631168  4920874  3835457  5356618  4898425 
"2048"   2049709  3122697  4016229  4511980  5006356  4686767  5172149  5032754  3127245  4676561 
"4096"   2179963  3133408  3860813  4288742  5107271  4395170  5211065  5113352  5325760  4952675  2613780 
"8192"   921276  3136499  1326231  4628318  5044145  5075439  5378957  5343822  5336352  2276865  4259926  4435342 
"16384"   2045965  2661502  3531899  4242517  4458306  4633563  4647979  4726949  4742281  4482736  3677629  4163604  3861554 
"32768"   1396527  2933044  3599215  4111515  2727894  2112988  3489289  2430878  4307107  4346472  4198813  4112500  2033006 
"65536"   1463503  2793735  2431390  1509979  1820747  4376632  4498319  4737656  4228643  2648256  2857720  2099028  2739006 
"131072"   1778305  2579647  3140209  3995120  2060038  2245883  2348622  3933378  4146540  2214838  2216902  3686548  2127210 
"262144"   1224211  1847646  1539135  2077553  2230025  1517608  2071498  1582605  1265197  1401921  1658866  1277624  1652447 
"524288"   772197  913939  767157  1381665  1089126  1323134  917900  1260913  744479  1176638  1998460  1245887  1014986 

"Reader report"
        "4"  "8"  "16"  "32"  "64"  "128"  "256"  "512"  "1024"  "2048"  "4096"  "8192"  "16384"
"64"   2379626  4018152  7100397  1679761  15972885 
"128"   2202044  5325799  6812590  4717434  8036304  15881078 
"256"   2639446  5022044  4553502  8534922  9114515  6249745  15164624 
"512"   2708713  3768799  6104175  4340054  9859630  9468384  8844453  13109944 
"1024"   2730767  4488860  6059442  3160839  7826025  9064828  9064828  13142265  14618393 
"2048"   2691246  4349761  5607718  466849  8940345  8261095  9841749  6738230  11626784  7088541 
"4096"   2265336  4214051  5190597  7639552  8734909  9119767  9144037  10065509  5069594  9846293  7149920 
"8192"   2486987  4023480  6186701  7809376  8723390  8507400  6248582  1692197  9928248  7495897  4782278  6770651 
"16384"   2565614  3667032  5204520  6309282  6823632  5925724  5906370  7390140  5836640  5439333  5651827  5834658  5088520 
"32768"   2463602  3726167  4892318  5587902  3606393  3630399  6920458  6908630  3483364  7086379  6167383  4840966  5013494 
"65536"   2200012  3448872  1736504  3782768  5941660  7087257  6957911  7388435  7590627  6242145  6162241  5154205  4410833 
"131072"   1357640  3179583  4733202  1829027  5590141  2977498  2316655  7682144  6287608  2456703  3616866  5420008  2931142 
"262144"   1584621  2535213  2907900  4675295  5242689  4598604  5806467  3071366  6208113  3821280  5516955  2989267  2967179 
"524288"   2107539  2433635  3918208  4397177  4720343  4644975  3230960  3814002  4370739  4307259  4414053  3071167  3487099 

"Re-Reader report"
        "4"  "8"  "16"  "32"  "64"  "128"  "256"  "512"  "1024"  "2048"  "4096"  "8192"  "16384"
"64"   2298136  4018152  8182586  5860307  20962191 
"128"   1827299  3277486  6114306  5847904  4759253  15881078 
"256"   2639446  3197509  3159869  6936061  10245071  8534922  17096249 
"512"   2681653  3366987  5331314  5744919  11138071  9638369  3884698  16049269 
"1024"   2715230  3160839  6244448  4943530  8262639  9485232  9464330  6599461  14871477 
"2048"   2727131  3307884  6243566  7789164  3454204  9228493  9752360  6895083  12033995  10339282 
"4096"   607259  4100397  6112079  515868  7770863  8497289  9614850  7185807  5520868  9461292  8108279 
"8192"   431905  4282224  4989212  8150218  8577485  9266865  8192973  9695717  3607016  9362822  7922821  6675934 
"16384"   2582195  3795229  4252230  6220192  5310703  7077327  6595715  7499010  6184922  7252863  5942635  5808029  4604997 
"32768"   2498535  3749241  4994364  6167660  2877169  5229632  6540412  6937925  5691806  6742556  5184848  5475916  4756692 
"65536"   1243494  3849409  2396811  2324061  6174006  6977162  7135088  7289101  7533624  2070786  5801216  4857718  3006798 
"131072"   2446057  2196468  3284441  3551215  3051235  3861192  3843080  3491980  4017513  3731058  3373277  2842410  2712916 
"262144"   2384277  4001952  3158020  3882061  4853353  5164480  4673466  5543435  3870704  4679294  3584193  3562996  4445546 
"524288"   2538089  3471624  5582881  6285674  7359668  6441611  5068429  6839655  6698114  6422497  6468061  4242157  5105295 
