	Iozone: Performance Test of File I/O
	        Version $Revision: 3.489 $
		Compiled for 64 bit mode.
		Build: linux-AMD64 

	Contributors:William Norcott, Don Capps, Isom Crawford, Kirby Collins
	             Al Slater, Scott Rhine, Mike Wisner, Ken Goss
	             Steve Landherr, Brad Smith, Mark Kelly, Dr. Alain CYR,
	             Randy Dunlap, Mark Montague, Dan Million, Gavin Brebner,
	             Jean-Marc Zucconi, Jeff Blomberg, Benny Halevy, Dave Boone,
	             Erik Habbinga, Kris Strecker, Walter Wong, Joshua Root,
	             Fabrice Bacchella, Zhenghua Xue, Qin Li, Darren Sawyer,
	             Vangel Bojaxhi, Ben England, Vikentsi Lapa,
	             Alexey Skidanov, Sudhir Kumar.

	Run began: Fri Dec 26 13:37:06 2025

	Auto Mode 2. This option is obsolete. Use -az -i0 -i1 
	Command line used: iozone -A -b ntfs.xls /home/ntfs
	Output is in kBytes/sec
	Time Resolution = 0.000001 seconds.
	Processor cache size set to 1024 kBytes.
	Processor cache line size set to 32 bytes.
	File stride size set to 17 * record size.
                                                            
              kB  reclen    write  rewrite    read    reread
              64       4   863676  1492919  2662899  2662899
              64       8  1279447  2006158  4564786  4897948
              64      16   760859  1599680  4988978  5389653
              64      32  1562436  4564786 10821524 12310336
              64      64  1279447  1947927 12902017 12310336
             128       4  1278855  2004703  2714132  2027414
             128       8  1133103  2608629  4717434  4012317
             128      16  1391557  2608629  7476717  8036304
             128      32   864797  2202044  6727225  4407601
             128      64  1858934  1254941  5603747 10567140
             128     128  2202044  1755594  6114306 14586625
             256       4  1123389  2049885  2419396  2563818
             256       8  1543163  2330140  3935921  3935921
             256      16  1790149  3935921  5347168  5810112
             256      32  1924938  5142301  8815202  3326279
             256      64  2330140  4132864  8815202  8815202
             256     128  2285501  4197489 10651598 11695808
             256     256  1588832  3159869 14953435 15164624
             512       4  1068503  1667552  2187279  2317080
             512       8  1821745  2958758  3533174  3628697
             512      16  2057359  3556580  5951911  6156675
             512      32  2285029  3877684  6491676  7900804
             512      64  2471765  4457157  8665997  7758090
             512     128  2347475  4262523  9859630 10044089
             512     256  2216629  5227492 11683444 12215097
             512     512  2587935  4340054 13438092 16543832
            1024       4  1475525  2255990  2333199  1875690
            1024       8  1947119  3210456  4064103  4033569
            1024      16  1004951  3469823  6163794  6025439
            1024      32  2461573  2503178  6479979  7699755
            1024      64  2414523  4110780  7755368  8474583
            1024     128  2432298  4949226  8895850  8326715
            1024     256  2443368  4972145 10134284 11489839
            1024     512  2852271  4178773  6599461  9569770
            1024    1024  2715230  3556008  7319232 10878686
            2048       4  1491617  2049709  2662880  1961707
            2048       8  1767183  3061485  4248644  4240255
            2048      16  2087567  3618634  5953632  5937172
            2048      32  2656292  3606479  7643611  7444871
            2048      64  2817475  4509611  6261772  8643474
            2048     128  2884652  4948672  7529708  8903279
            2048     256  2741930  5251194  9944290  8987113
            2048     512  2265991  5225638  7470770  8159088
            2048    1024  2910060  4934459  8866519 11900619
            2048    2048  2649737  4633675 10179991 11440955
            4096       4   218207  1294073  2110080  2195003
            4096       8  1949642  1865996  1723881  4208889
            4096      16  2271626   237271  6086096  4691638
            4096      32  2691164  4865707  7237268  7845385
            4096      64  2747106  5218980  8344580  8660056
            4096     128  2967774  5258919  8770583  9435311
            4096     256  2969826  5339001  8752710  9207748
            4096     512  1148632  5218980  8393502  9795765
            4096    1024  2890382  5278308  7969117  9529517
            4096    2048  2754594  4887857   901224  7545601
            4096    4096  2550150  2030524  8047509  5504946
            8192       4   690081  1020188  1122324  2442437
            8192       8  1855898   878770  1657664  4188268
            8192      16  1280798  3491912  6076201  6205696
            8192      32  1100927  4425630  7809376  6954278
            8192      64  1892284  5184962  1622134  8770148
            8192     128  1115003  5126172  7922821  8648733
            8192     256  2954201  4683839  8631352  9224572
            8192     512  2038330  4964702  9042498  8696894
            8192    1024  2958270  4226911  9764602  9728660
            8192    2048  2580178  4286498  4612784  8596799
            8192    4096   705903  4538452  8191020  7269124
            8192    8192  2179245  4027252  5505657  6091282
           16384       4   581945  2000287  2467857  2601059
           16384       8  1981884   763144  3671931  4131065
           16384      16  2415463   751494  5490615  6072338
           16384      32  2793042  4217262  7746700  7731883
           16384      64  2470874  5004402  8752060  8719854
           16384     128  3044213  4584414  7710195  8929471
           16384     256  3016816  5368371  9096127  9132392
           16384     512   744387  4426715  9362574  9426791
           16384    1024  2901906  5364599  9575217  9335863
           16384    2048   935852  3624673  9230526  9575217
           16384    4096  1125592  4584108   901998  8139412
           16384    8192   741423  3870471  6770521  6993063
           16384   16384  2616409  4619236  5809502  6506413
           32768       4   539569  1270773  1257115  1073726
           32768       8   760155  1354334  3796152  3807193
           32768      16  1034279  2710784  3398185  4712816
           32768      32  2177843  3644937  6276380  6299105
           32768      64  2607662  4031436  6650870  6413747
           32768     128  2763324  1627733  7098824  7149786
           32768     256  2809072  1546172  7089669  7179666
           32768     512  2670802  4739469  6626500  6450471
           32768    1024  1362835  1840376  3914546  3981106
           32768    2048  1474321  2456381  2187445  4584231
           32768    4096  1670811  1402255  6189603  6607703
           32768    8192  1112966  4132159  5890374  1931059
           32768   16384  1134501  4248393  2549282  2701194
           65536       4   919392  1381970  2269171  1051806
           65536       8   878496  2628177  3154229  2643417
           65536      16   842507  1692735  3708261  3056718
           65536      32  1269363  2524576  5250891  4912762
           65536      64  1642103  1993489  6527491  5221169
           65536     128  1169948  4440977  6190273  6042360
           65536     256  1300785  2479531  4889951  6813047
           65536     512  1143714  3367536  8029428  7766710
           65536    1024  1125544  3945551  8381495  8171452
           65536    2048  1522246  4028293  7735455  7332266
           65536    4096  1086955  4023812  5868718  6044619
           65536    8192  1006065  3083775  4901723  2385910
           65536   16384  1220319  4327231  4199699  2315428
          131072       4   933362  1875059  1597914  2514470
          131072       8   962469  2908840  3534161  2604974
          131072      16  1261446  3511631  4961838  3184667
          131072      32  1506680  3645551  2622070  3852560
          131072      64  1551808  3502816  6928431  6268752
          131072     128  1435004  3028110  4132545  3360143
          131072     256  1132851  2739863  6475195  3815554
          131072     512  1534512  3677768  5283278  4337570
          131072    1024   944057  4026311  5480251  2980872
          131072    2048  1157695  3698502  4949285  2928847
          131072    4096  1400745  3938705  5018089  3334403
          131072    8192  1365165  3798628  4346349  2946760
          131072   16384  1079305  3574559  2631017  4227466
          262144       4   753809  1494003  1854007  2377292
          262144       8  1144963  1621306  2250492  3387273
          262144      16  1167528  1587011  3451031  4256825
          262144      32  1109990  1579751  2894702  5924290
          262144      64  1085936  1246613  5822456  4851104
          262144     128  1418121  2309336  5283476  4398683
          262144     256  1298597  1330416  5533280  4693135
          262144     512  1215690  1488556  6554903  4056507
          262144    1024  1227196  1530758  4803210  5413731
          262144    2048  1201514  1523323  6023671  3364449
          262144    4096  1219614  1381239  3607915  4453162
          262144    8192  1076221  1573541  3641746  3960965
          262144   16384  1054145  1455757  2461586  2368035
          524288       4   642094  1150847  2058719  2570998
          524288       8  1119340  1190878  3147028  3939646
          524288      16   800528  1012225  3751185  5551143
          524288      32   838470  1403130  4207732  6300857
          524288      64  1125308  1077646  5292693  6283034
          524288     128   804454   844617  4782077  6576207
          524288     256   817705   688473  4475355  6777678
          524288     512   801156  1193087  4679969  6871415
          524288    1024   931928   781495  4183963  6701707
          524288    2048   822132   838196  3473669  4739194
          524288    4096   742994   737320  4170378  6197490
          524288    8192   876634   705675  3796578  5016491
          524288   16384   652088   864782  3357314  4675004

iozone test complete.
Excel output is below:

"Writer report"
        "4"  "8"  "16"  "32"  "64"  "128"  "256"  "512"  "1024"  "2048"  "4096"  "8192"  "16384"
"64"   863676  1279447  760859  1562436  1279447 
"128"   1278855  1133103  1391557  864797  1858934  2202044 
"256"   1123389  1543163  1790149  1924938  2330140  2285501  1588832 
"512"   1068503  1821745  2057359  2285029  2471765  2347475  2216629  2587935 
"1024"   1475525  1947119  1004951  2461573  2414523  2432298  2443368  2852271  2715230 
"2048"   1491617  1767183  2087567  2656292  2817475  2884652  2741930  2265991  2910060  2649737 
"4096"   218207  1949642  2271626  2691164  2747106  2967774  2969826  1148632  2890382  2754594  2550150 
"8192"   690081  1855898  1280798  1100927  1892284  1115003  2954201  2038330  2958270  2580178  705903  2179245 
"16384"   581945  1981884  2415463  2793042  2470874  3044213  3016816  744387  2901906  935852  1125592  741423  2616409 
"32768"   539569  760155  1034279  2177843  2607662  2763324  2809072  2670802  1362835  1474321  1670811  1112966  1134501 
"65536"   919392  878496  842507  1269363  1642103  1169948  1300785  1143714  1125544  1522246  1086955  1006065  1220319 
"131072"   933362  962469  1261446  1506680  1551808  1435004  1132851  1534512  944057  1157695  1400745  1365165  1079305 
"262144"   753809  1144963  1167528  1109990  1085936  1418121  1298597  1215690  1227196  1201514  1219614  1076221  1054145 
"524288"   642094  1119340  800528  838470  1125308  804454  817705  801156  931928  822132  742994  876634  652088 

"Re-writer report"
        "4"  "8"  "16"  "32"  "64"  "128"  "256"  "512"  "1024"  "2048"  "4096"  "8192"  "16384"
"64"   1492919  2006158  1599680  4564786  1947927 
"128"   2004703  2608629  2608629  2202044  1254941  1755594 
"256"   2049885  2330140  3935921  5142301  4132864  4197489  3159869 
"512"   1667552  2958758  3556580  3877684  4457157  4262523  5227492  4340054 
"1024"   2255990  3210456  3469823  2503178  4110780  4949226  4972145  4178773  3556008 
"2048"   2049709  3061485  3618634  3606479  4509611  4948672  5251194  5225638  4934459  4633675 
"4096"   1294073  1865996  237271  4865707  5218980  5258919  5339001  5218980  5278308  4887857  2030524 
"8192"   1020188  878770  3491912  4425630  5184962  5126172  4683839  4964702  4226911  4286498  4538452  4027252 
"16384"   2000287  763144  751494  4217262  5004402  4584414  5368371  4426715  5364599  3624673  4584108  3870471  4619236 
"32768"   1270773  1354334  2710784  3644937  4031436  1627733  1546172  4739469  1840376  2456381  1402255  4132159  4248393 
"65536"   1381970  2628177  1692735  2524576  1993489  4440977  2479531  3367536  3945551  4028293  4023812  3083775  4327231 
"131072"   1875059  2908840  3511631  3645551  3502816  3028110  2739863  3677768  4026311  3698502  3938705  3798628  3574559 
"262144"   1494003  1621306  1587011  1579751  1246613  2309336  1330416  1488556  1530758  1523323  1381239  1573541  1455757 
"524288"   1150847  1190878  1012225  1403130  1077646  844617  688473  1193087  781495  838196  737320  705675  864782 

"Reader report"
        "4"  "8"  "16"  "32"  "64"  "128"  "256"  "512"  "1024"  "2048"  "4096"  "8192"  "16384"
"64"   2662899  4564786  4988978  10821524  12902017 
"128"   2714132  4717434  7476717  6727225  5603747  6114306 
"256"   2419396  3935921  5347168  8815202  8815202  10651598  14953435 
"512"   2187279  3533174  5951911  6491676  8665997  9859630  11683444  13438092 
"1024"   2333199  4064103  6163794  6479979  7755368  8895850  10134284  6599461  7319232 
"2048"   2662880  4248644  5953632  7643611  6261772  7529708  9944290  7470770  8866519  10179991 
"4096"   2110080  1723881  6086096  7237268  8344580  8770583  8752710  8393502  7969117  901224  8047509 
"8192"   1122324  1657664  6076201  7809376  1622134  7922821  8631352  9042498  9764602  4612784  8191020  5505657 
"16384"   2467857  3671931  5490615  7746700  8752060  7710195  9096127  9362574  9575217  9230526  901998  6770521  5809502 
"32768"   1257115  3796152  3398185  6276380  6650870  7098824  7089669  6626500  3914546  2187445  6189603  5890374  2549282 
"65536"   2269171  3154229  3708261  5250891  6527491  6190273  4889951  8029428  8381495  7735455  5868718  4901723  4199699 
"131072"   1597914  3534161  4961838  2622070  6928431  4132545  6475195  5283278  5480251  4949285  5018089  4346349  2631017 
"262144"   1854007  2250492  3451031  2894702  5822456  5283476  5533280  6554903  4803210  6023671  3607915  3641746  2461586 
"524288"   2058719  3147028  3751185  4207732  5292693  4782077  4475355  4679969  4183963  3473669  4170378  3796578  3357314 

"Re-Reader report"
        "4"  "8"  "16"  "32"  "64"  "128"  "256"  "512"  "1024"  "2048"  "4096"  "8192"  "16384"
"64"   2662899  4897948  5389653  12310336  12310336 
"128"   2027414  4012317  8036304  4407601  10567140  14586625 
"256"   2563818  3935921  5810112  3326279  8815202  11695808  15164624 
"512"   2317080  3628697  6156675  7900804  7758090  10044089  12215097  16543832 
"1024"   1875690  4033569  6025439  7699755  8474583  8326715  11489839  9569770  10878686 
"2048"   1961707  4240255  5937172  7444871  8643474  8903279  8987113  8159088  11900619  11440955 
"4096"   2195003  4208889  4691638  7845385  8660056  9435311  9207748  9795765  9529517  7545601  5504946 
"8192"   2442437  4188268  6205696  6954278  8770148  8648733  9224572  8696894  9728660  8596799  7269124  6091282 
"16384"   2601059  4131065  6072338  7731883  8719854  8929471  9132392  9426791  9335863  9575217  8139412  6993063  6506413 
"32768"   1073726  3807193  4712816  6299105  6413747  7149786  7179666  6450471  3981106  4584231  6607703  1931059  2701194 
"65536"   1051806  2643417  3056718  4912762  5221169  6042360  6813047  7766710  8171452  7332266  6044619  2385910  2315428 
"131072"   2514470  2604974  3184667  3852560  6268752  3360143  3815554  4337570  2980872  2928847  3334403  2946760  4227466 
"262144"   2377292  3387273  4256825  5924290  4851104  4398683  4693135  4056507  5413731  3364449  4453162  3960965  2368035 
"524288"   2570998  3939646  5551143  6300857  6283034  6576207  6777678  6871415  6701707  4739194  6197490  5016491  4675004 
