	Iozone: Performance Test of File I/O
	        Version $Revision: 3.489 $
		Compiled for 64 bit mode.
		Build: linux-AMD64 

	Contributors:William Norcott, Don Capps, Isom Crawford, Kirby Collins
	             Al Slater, Scott Rhine, Mike Wisner, Ken Goss
	             Steve Landherr, Brad Smith, Mark Kelly, Dr. Alain CYR,
	             Randy Dunlap, Mark Montague, Dan Million, Gavin Brebner,
	             Jean-Marc Zucconi, Jeff Blomberg, Benny Halevy, Dave Boone,
	             Erik Habbinga, Kris Strecker, Walter Wong, Joshua Root,
	             Fabrice Bacchella, Zhenghua Xue, Qin Li, Darren Sawyer,
	             Vangel Bojaxhi, Ben England, Vikentsi Lapa,
	             Alexey Skidanov, Sudhir Kumar.

	Run began: Fri Dec 26 18:26:08 2025

	Auto Mode 2. This option is obsolete. Use -az -i0 -i1 
	Command line used: iozone -A -b xfs.xls /home/xfs
	Output is in kBytes/sec
	Time Resolution = 0.000001 seconds.
	Processor cache size set to 1024 kBytes.
	Processor cache line size set to 32 bytes.
	File stride size set to 17 * record size.
                                                            
              kB  reclen    write  rewrite    read    reread
              64       4   604849   955947  1638743  1679761
              64       8   821391   969761  3541098  3203069
              64      16  1363961  3203069  8182586  8182586
              64      32  1204796  1879725  7940539  7100397
              64      64  1599680  1879725 15972885 15972885
             128       4  1278855  2166499  2453642  2673584
             128       8  1455701  2608629  3380677  3380677
             128      16  1689305  4135958  7917784  8548124
             128      32  1705404  3468030 11720614 11470204
             128      64  1802755  4759253  8548124  3657016
             128     128  1858934  4557257 14200794 15881078
             256       4  1175022  1942349  2812272  2509882
             256       8  1570244  2350543  4132864  3368013
             256      16  2114473  4197489  7791708  5569035
             256      32  2310087  4572895 10245071 10245071
             256      64  2228578  3717869  9192546 11569783
             256     128  2509882  5810112  9518507 10651598
             256     256  2463808  5569035 16828306 17096249
             512       4  1347393  1541840  1339827  2081286
             512       8  1926329  2708713  4099771  3884698
             512      16  1667552  2560168  5822804  6104175
             512      32  2116152  3239989  6472112  6395018
             512      64  2427068  3736016  4000485  4099771
             512     128  2089386  4000485  7410080  7647578
             512     256  1778004  3104171 10694336 10485468
             512     512  2532990  5566231 16417355 15583417
            1024       4  1424152  2031864  2432298  2625597
            1024       8  1903961  2976816  4265934  4265934
            1024      16  2337008  4014717  6559147  6830356
            1024      32  2444759  4854136  8680108  9402175
            1024      64  2386350  4783849  9569770  9655828
            1024     128  2503178  4920874  7369466  9485232
            1024     256  2942149  5720477  7020149  8262639
            1024     512  2604895  4396951 11645609 11614118
            1024    1024  2443368  4810640 14820161 12173747
            2048       4  1491617  2180847  2085540  2353532
            2048       8  1990343  3165272  4215286  4248644
            2048      16  2469929  3580921  5719737  6058611
            2048      32  2642401  4762117  7589584  7562855
            2048      64  2756005  4911886  8574451  8749118
            2048     128  2897301  5147354  9015410  6321679
            2048     256   418555  3991965  9610516  9525260
            2048     512  2702252  3915540 10452512 10302081
            2048    1024  2864451  5306340  6420913 11690076
            2048    2048  2635914  3771144 11440955 11502234
            4096       4  1113998  1371777  1770790  1500319
            4096       8  2024780  3158176  2431065  3476435
            4096      16  2401165  3540193  5777065  6086096
            4096      32  2737912  4087714  7770863  7380284
            4096      64  2732251  5151685  8340529  9042961
            4096     128  2886496  5238075  8292220  8981502
            4096     256  3031667  4965558  8518356  9353122
            4096     512  2991546  5284803  7286380  9593374
            4096    1024  2830848  5544029  9435311  9267351
            4096    2048  2737912  5044289   672486  8788530
            4096    4096  2729213  2882138  8340529  7473388
            8192       4  1474679  2155863  1090653  2550492
            8192       8  2019758  3088014  4071635  4235769
            8192      16  2473381  3361415  6099933  6215800
            8192      32  2659668  4751854  7944805  7669917
            8192      64  2811347  4982701  6379683  7676771
            8192     128  2889605  5001558  9073541   462877
            8192     256  2931016  5372229  5897851  1480014
            8192     512   751216  1336600  8679319  8411596
            8192    1024   788758  4013610  5880691  8250021
            8192    2048  1977788  4318282  4153837  7455236
            8192    4096  2526115  3538663  4694719  7295362
            8192    8192  2563240  4359927  4884942  3689911
           16384       4   629836  1003617  1503681  1500071
           16384       8  1154778  3111336  4294482  4289121
           16384      16  2441726  4154291  6180472  6063230
           16384      32  2549622  4503594  7735364  8015984
           16384      64  2784441  5222715  6993063  8012245
           16384     128  2987568  5495884  7334141  9167723
           16384     256  3068819  5561715  7638208  4738030
           16384     512  2945692  1076621  6201108  8879855
           16384    1024   705786  2765615  8574066  8983166
           16384    2048  2310146  4541092  6660280  7795030
           16384    4096  2289519  4033352  5081746  5651363
           16384    8192  1568729  4453395  5302099  1042312
           16384   16384   578326  4611486  6654475  1677975
           32768       4   788846  1023427  2564408  2720227
           32768       8  1039363  1251460  4021057  4222679
           32768      16  1084923  3909868  6207215  5544619
           32768      32  2751265  4803407  7770705  7764997
           32768      64  1184626  4669107  7854190  5894416
           32768     128  2892367  5223669  8801272  6889583
           32768     256  1226347  4262756  9277135  9317386
           32768     512  2995761  4767582  7280066  8945632
           32768    1024  3007363  5317855  8837491  6446538
           32768    2048  1168332  1435426  7541726  9728947
           32768    4096  1164709  4139003  7006184  8518166
           32768    8192  2633646  4497965  4842331  4320647
           32768   16384   699962  3095415  5982940  2514810
           65536       4   641201  1826579  2329438  1996153
           65536       8   870437  2697504  3619776  3640487
           65536      16   982388  2394702  5719139  5680492
           65536      32  1472914  4365302  6555512  7077221
           65536      64  1313289  4433814  8158356  8408673
           65536     128  1086870  4693488  8460435  8583549
           65536     256  2209419  3896998  8721906  8689646
           65536     512  1721367  5045130  8412791  8776768
           65536    1024  1714752  2108205  9048046  8889739
           65536    2048  1553431  5026586  8788554  8909043
           65536    4096  1569503  4263073  7707259  7525168
           65536    8192  2102464  2161757  6666162  6518976
           65536   16384  1865845  2630188  5484635  6229696
          131072       4   951943  1928238  1805172  2504139
          131072       8  1070989  2793520  2023811  3934786
          131072      16  1400684  2225896  2307486  4228669
          131072      32  1565659  3771215  4848413  3750377
          131072      64  1312098  1923906  6249582  3065083
          131072     128  1151541  3639373  6261469  3817435
          131072     256  1249266  4435131  6618157  2539571
          131072     512  1330262  4978779  2643059  5118016
          131072    1024  1366828  4272244  6322243  3706881
          131072    2048  1109425  2065355  6997927  4135809
          131072    4096  1293041  2182750  2061660  3722796
          131072    8192  1511980  3299898  5779189  3190656
          131072   16384  1213640  3729033  4724375  2437922
          262144       4   865982  1298051  1674474  2533595
          262144       8   956632  1284931  2472330  2916439
          262144      16  1027995  1455320  2437937  4140977
          262144      32  1079892  1518029  2826233  6223751
          262144      64  1126517  1224508  5123090  5643939
          262144     128  1212327  1270907  3128778  6606617
          262144     256  1241600  1455143  6733910  4029082
          262144     512  1359427  1405831  7054491  4476277
          262144    1024  1303395  1420257  3837337  6804169
          262144    2048  1115516  1408823  5864130  4777809
          262144    4096  1078014  1463370  4603533  5356891
          262144    8192   962345  1252150  2674606  4203446
          262144   16384  1081772  1596503  4157056  5455068
          524288       4   605218   624711   607630   613906
          524288       8  1011444   689837   435173   664726
          524288      16   726122   751891   553597   684006
          524288      32  1049516  1022687   391377   681262
          524288      64   844306  1010494   625815   651235
          524288     128   913492   985931   370745   690829
          524288     256  1008542   820953   256037   830616
          524288     512  1042680  1131086   941017  1025574
          524288    1024   872626   647083   693846  1061954
          524288    2048   584480   607911  1110128  1273374
          524288    4096  1079872   908625  1125339  1215032
          524288    8192   943590  1124740  1101468  1217182
          524288   16384   887306  1183214  1189911  1199483

iozone test complete.
Excel output is below:

"Writer report"
        "4"  "8"  "16"  "32"  "64"  "128"  "256"  "512"  "1024"  "2048"  "4096"  "8192"  "16384"
"64"   604849  821391  1363961  1204796  1599680 
"128"   1278855  1455701  1689305  1705404  1802755  1858934 
"256"   1175022  1570244  2114473  2310087  2228578  2509882  2463808 
"512"   1347393  1926329  1667552  2116152  2427068  2089386  1778004  2532990 
"1024"   1424152  1903961  2337008  2444759  2386350  2503178  2942149  2604895  2443368 
"2048"   1491617  1990343  2469929  2642401  2756005  2897301  418555  2702252  2864451  2635914 
"4096"   1113998  2024780  2401165  2737912  2732251  2886496  3031667  2991546  2830848  2737912  2729213 
"8192"   1474679  2019758  2473381  2659668  2811347  2889605  2931016  751216  788758  1977788  2526115  2563240 
"16384"   629836  1154778  2441726  2549622  2784441  2987568  3068819  2945692  705786  2310146  2289519  1568729  578326 
"32768"   788846  1039363  1084923  2751265  1184626  2892367  1226347  2995761  3007363  1168332  1164709  2633646  699962 
"65536"   641201  870437  982388  1472914  1313289  1086870  2209419  1721367  1714752  1553431  1569503  2102464  1865845 
"131072"   951943  1070989  1400684  1565659  1312098  1151541  1249266  1330262  1366828  1109425  1293041  1511980  1213640 
"262144"   865982  956632  1027995  1079892  1126517  1212327  1241600  1359427  1303395  1115516  1078014  962345  1081772 
"524288"   605218  1011444  726122  1049516  844306  913492  1008542  1042680  872626  584480  1079872  943590  887306 

"Re-writer report"
        "4"  "8"  "16"  "32"  "64"  "128"  "256"  "512"  "1024"  "2048"  "4096"  "8192"  "16384"
"64"   955947  969761  3203069  1879725  1879725 
"128"   2166499  2608629  4135958  3468030  4759253  4557257 
"256"   1942349  2350543  4197489  4572895  3717869  5810112  5569035 
"512"   1541840  2708713  2560168  3239989  3736016  4000485  3104171  5566231 
"1024"   2031864  2976816  4014717  4854136  4783849  4920874  5720477  4396951  4810640 
"2048"   2180847  3165272  3580921  4762117  4911886  5147354  3991965  3915540  5306340  3771144 
"4096"   1371777  3158176  3540193  4087714  5151685  5238075  4965558  5284803  5544029  5044289  2882138 
"8192"   2155863  3088014  3361415  4751854  4982701  5001558  5372229  1336600  4013610  4318282  3538663  4359927 
"16384"   1003617  3111336  4154291  4503594  5222715  5495884  5561715  1076621  2765615  4541092  4033352  4453395  4611486 
"32768"   1023427  1251460  3909868  4803407  4669107  5223669  4262756  4767582  5317855  1435426  4139003  4497965  3095415 
"65536"   1826579  2697504  2394702  4365302  4433814  4693488  3896998  5045130  2108205  5026586  4263073  2161757  2630188 
"131072"   1928238  2793520  2225896  3771215  1923906  3639373  4435131  4978779  4272244  2065355  2182750  3299898  3729033 
"262144"   1298051  1284931  1455320  1518029  1224508  1270907  1455143  1405831  1420257  1408823  1463370  1252150  1596503 
"524288"   624711  689837  751891  1022687  1010494  985931  820953  1131086  647083  607911  908625  1124740  1183214 

"Reader report"
        "4"  "8"  "16"  "32"  "64"  "128"  "256"  "512"  "1024"  "2048"  "4096"  "8192"  "16384"
"64"   1638743  3541098  8182586  7940539  15972885 
"128"   2453642  3380677  7917784  11720614  8548124  14200794 
"256"   2812272  4132864  7791708  10245071  9192546  9518507  16828306 
"512"   1339827  4099771  5822804  6472112  4000485  7410080  10694336  16417355 
"1024"   2432298  4265934  6559147  8680108  9569770  7369466  7020149  11645609  14820161 
"2048"   2085540  4215286  5719737  7589584  8574451  9015410  9610516  10452512  6420913  11440955 
"4096"   1770790  2431065  5777065  7770863  8340529  8292220  8518356  7286380  9435311  672486  8340529 
"8192"   1090653  4071635  6099933  7944805  6379683  9073541  5897851  8679319  5880691  4153837  4694719  4884942 
"16384"   1503681  4294482  6180472  7735364  6993063  7334141  7638208  6201108  8574066  6660280  5081746  5302099  6654475 
"32768"   2564408  4021057  6207215  7770705  7854190  8801272  9277135  7280066  8837491  7541726  7006184  4842331  5982940 
"65536"   2329438  3619776  5719139  6555512  8158356  8460435  8721906  8412791  9048046  8788554  7707259  6666162  5484635 
"131072"   1805172  2023811  2307486  4848413  6249582  6261469  6618157  2643059  6322243  6997927  2061660  5779189  4724375 
"262144"   1674474  2472330  2437937  2826233  5123090  3128778  6733910  7054491  3837337  5864130  4603533  2674606  4157056 
"524288"   607630  435173  553597  391377  625815  370745  256037  941017  693846  1110128  1125339  1101468  1189911 

"Re-Reader report"
        "4"  "8"  "16"  "32"  "64"  "128"  "256"  "512"  "1024"  "2048"  "4096"  "8192"  "16384"
"64"   1679761  3203069  8182586  7100397  15972885 
"128"   2673584  3380677  8548124  11470204  3657016  15881078 
"256"   2509882  3368013  5569035  10245071  11569783  10651598  17096249 
"512"   2081286  3884698  6104175  6395018  4099771  7647578  10485468  15583417 
"1024"   2625597  4265934  6830356  9402175  9655828  9485232  8262639  11614118  12173747 
"2048"   2353532  4248644  6058611  7562855  8749118  6321679  9525260  10302081  11690076  11502234 
"4096"   1500319  3476435  6086096  7380284  9042961  8981502  9353122  9593374  9267351  8788530  7473388 
"8192"   2550492  4235769  6215800  7669917  7676771  462877  1480014  8411596  8250021  7455236  7295362  3689911 
"16384"   1500071  4289121  6063230  8015984  8012245  9167723  4738030  8879855  8983166  7795030  5651363  1042312  1677975 
"32768"   2720227  4222679  5544619  7764997  5894416  6889583  9317386  8945632  6446538  9728947  8518166  4320647  2514810 
"65536"   1996153  3640487  5680492  7077221  8408673  8583549  8689646  8776768  8889739  8909043  7525168  6518976  6229696 
"131072"   2504139  3934786  4228669  3750377  3065083  3817435  2539571  5118016  3706881  4135809  3722796  3190656  2437922 
"262144"   2533595  2916439  4140977  6223751  5643939  6606617  4029082  4476277  6804169  4777809  5356891  4203446  5455068 
"524288"   613906  664726  684006  681262  651235  690829  830616  1025574  1061954  1273374  1215032  1217182  1199483 
